1    85    104    0.8173    16.3462    2    C    32.692    1
2    71    82    0.8659    17.3171    2    C#    34.634    2
3    67    73    0.9178    18.3562    2    D    36.712    3
4    105    108    0.9722    19.4444    2    D#    38.889    4
5    103    100    1.0300    20.6000    2    E    41.200    5
6    84    77    1.0909    21.8182    2    F    43.636    6
7    74    64    1.1563    23.1250    2    F#    46.250    7
8    98    80    1.2250    24.5000    2    G    49.000    8
9    96    74    1.2973    25.9459    2    G#    51.892    9
10    88    64    1.3750    27.5000    2    A    55.000    10
11    67    46    1.4565    29.1304    2    A#    58.261    11
12    108    70    1.5429    30.8571    2    B    61.714    12
13    85    104    0.8173    16.3462    4    C    65.385    13
14    71    82    0.8659    17.3171    4    C#    69.268    14
15    67    73    0.9178    18.3562    4    D    73.425    15
16    105    108    0.9722    19.4444    4    D#    77.778    16
17    103    100    1.0300    20.6000    4    E    82.400    17
18    84    77    1.0909    21.8182    4    F    87.273    18
19    74    64    1.1563    23.1250    4    F#    92.500    19
20    98    80    1.2250    24.5000    4    G    98.000    20
21    96    74    1.2973    25.9459    4    G#    103.784    21
22    88    64    1.3750    27.5000    4    A    110.000    22
23    67    46    1.4565    29.1304    4    A#    116.522    23
24    108    70    1.5429    30.8571    4    B    123.429    24
25    85    104    0.8173    16.3462    8    C    130.769    25
26    71    82    0.8659    17.3171    8    C#    138.537    26
27    67    73    0.9178    18.3562    8    D    146.849    27
28    105    108    0.9722    19.4444    8    D#    155.556    28
29    103    100    1.0300    20.6000    8    E    164.800    29
30    84    77    1.0909    21.8182    8    F    174.545    30
31    74    64    1.1563    23.1250    8    F#    185.000    31
32    98    80    1.2250    24.5000    8    G    196.000    32
33    96    74    1.2973    25.9459    8    G#    207.568    33
34    88    64    1.3750    27.5000    8    A    220.000    34
35    67    46    1.4565    29.1304    8    A#    233.043    35
36    108    70    1.5429    30.8571    8    B    246.857    36
37    85    104    0.8173    16.3462    16    C    261.538    37
38    71    82    0.8659    17.3171    16    C#    277.073    38
39    67    73    0.9178    18.3562    16    D    293.699    39
40    105    108    0.9722    19.4444    16    D#    311.111    40
41    103    100    1.0300    20.6000    16    E    329.600    41
42    84    77    1.0909    21.8182    16    F    349.091    42
43    74    64    1.1563    23.1250    16    F#    370.000    43
44    98    80    1.2250    24.5000    16    G    392.000    44
45    96    74    1.2973    25.9459    16    G#    415.135    45
46    88    64    1.3750    27.5000    16    A    440.000    46
47    67    46    1.4565    29.1304    16    A#    466.087    47
48    108    70    1.5429    30.8571    16    B    493.714    48
49    85    104    0.8173    16.3462    32    C    523.077    49
50    71    82    0.8659    17.3171    32    C#    554.146    50
51    67    73    0.9178    18.3562    32    D    587.397    51
52    105    108    0.9722    19.4444    32    D#    622.222    52
53    103    100    1.0300    20.6000    32    E    659.200    53
54    84    77    1.0909    21.8182    32    F    698.182    54
55    74    64    1.1563    23.1250    32    F#    740.000    55
56    98    80    1.2250    24.5000    32    G    784.000    56
57    96    74    1.2973    25.9459    32    G#    830.270    57
58    88    64    1.3750    27.5000    32    A    880.000    58
59    67    46    1.4565    29.1304    32    A#    932.174    59
60    108    70    1.5429    30.8571    32    B    987.429    60
61    85    104    0.8173    16.3462    64    C    1046.154    61
62    71    82    0.8659    17.3171    64    C#    1108.293    62
63    67    73    0.9178    18.3562    64    D    1174.795    63
64    105    108    0.9722    19.4444    64    D#    1244.444    64
65    103    100    1.0300    20.6000    64    E    1318.400    65
66    84    77    1.0909    21.8182    64    F    1396.364    66
67    74    64    1.1563    23.1250    64    F#    1480.000    67
68    98    80    1.2250    24.5000    64    G    1568.000    68
69    96    74    1.2973    25.9459    64    G#    1660.541    69
70    88    64    1.3750    27.5000    64    A    1760.000    70
71    67    46    1.4565    29.1304    64    A#    1864.348    71
72    108    70    1.5429    30.8571    64    B    1974.857    72
73    85    104    0.8173    16.3462    128    C    2092.308    73
74    71    82    0.8659    17.3171    128    C#    2216.585    74
75    67    73    0.9178    18.3562    128    D    2349.589    75
76    105    108    0.9722    19.4444    128    D#    2488.889    76
77    103    100    1.0300    20.6000    128    E    2636.800    77
78    84    77    1.0909    21.8182    128    F    2792.727    78
79    74    64    1.1563    23.1250    128    F#    2960.000    79
80    98    80    1.2250    24.5000    128    G    3136.000    80
81    96    74    1.2973    25.9459    128    G#    3321.081    81
82    88    64    1.3750    27.5000    128    A    3520.000    82
83    67    46    1.4565    29.1304    128    A#    3728.696    83
84    108    70    1.5429    30.8571    128    B    3949.714    84
85    84    77    1.0909    21.8182    192    ~C    4189.091    85
86    74    64    1.1563    23.1250    192    ~C#    4440.000    86
87    98    80    1.2250    24.5000    192    ~D    4704.000    87
88    96    74    1.2973    25.9459    192    ~D#    4981.622    88
89    88    64    1.3750    27.5000    192    ~E    5280.000    89
90    67    46    1.4565    29.1304    192    ~F    5593.043    90
91    108    70    1.5429    30.8571    192    ~F#    5924.571    91
